Адаптация надежных технологий|141|321|1176|2020 12 03|3 8 29 45 46 49 67 74
Адаптация подробных диапазонов|195|199|1870|2022 03 27|7 10 11 21 32 39 46 77 85 94
Адаптация престижных парадигм|122|839|762|2023 12 31|9 36 44 70 76 77
Адаптация эффективных аудиторий|143|193$||18 23 28 29 33 37 83 85 87
Включение безотказных рынков|179|290|740|2022 07 30|36 46 60 61
Включение надежных областей интереса|47|633$||16 24 29 47 48 90
Внедрение наглядных моделей|151|210$||21 27 36 53 60 61 65 81 88
Внедрение популярных инициатив|113|861$||3 26 37 69 78 79 83
Генерация ориентированных на пользователя систем снабжения|95|538$||87 92 98
Генерация открытых областей интереса|112|347|720|2020 08 21|34 44 60 67 84 85
Генерация стратегических пользователей|121|223$||17 23 34 47 59 78 86
Инновация инновационных пользователей|137|932$||9 18 27 38 89
Инновация инновационных систем снабжения|122|714|826|2020 12 15|21 23 24 27 49 74 91
Использование ориентированных на пользователя систем|146|199|584|2022 11 21|1 26 66 94
Итерация инновационных рынков|124|380|1110|2023 03 02|3 32 45 59 67 79 83 88 94 99
Итерация распространенных отношений|134|173$||1
Итерация целостных интернет-компаний|149|787$||4 10 33 62 73 97
Конструирование передовых взаимодействий|173|811|1701|2021 07 30|12 19 33 41 81 86 87 92 98
Конструирование революционных моделей|56|634|236|2020 01 13|3 17 31 78
Координация корпоративных систем|166|854$||57 71 99
Координация круглосуточных интернет-продавцов|54|207|306|2021 10 20|23 29 33 37 83 87
Максимизация кроссплатформенных интернет-магазинов|177|119|354|2022 04 09|30 75
Максимизация круглогодичных каналов|195|443|2000|2023 12 04|2 10 37 39 45 48 54 67 75 99
Максимизация революционных решений|153|364|1057|2021 07 19|21 23 24 27 49 74 91
Модернизация B2B систем снабжения|168|501|168|2021 07 04|9
Модернизация действенных интернет-магазинов|150|86|1296|2020 10 13|14 16 22 28 69 76 81 91 95
Модернизация распространенных сетей|41|590|287|2022 01 19|13 31 67 78 83 89 96
Монетизация динамичных интернет-услуг|159|291$||1 60
Монетизация ультрасовременных моделей|108|519|882|2022 06 04|22 37 38 46 53 66 69 90 98
Мотивация глобальных интернет-компаний|78|680|156|2022 03 24|29 47
Мотивация подробных порталов|165|608$||13 78
Обеспечение безотказных ниш|27|203$||21 29 35 73 80
Обеспечение корпоративных методик|167|810$||19 41
Объединение лучших в своём роде интерфейсов|74|575$||3 9 18 27 30 38 63 89
Оптимизация передовых парадигм|84|252$||13 78 89
Освоение B2B приложений|32|268$||32 45 79 88 94
Освоение виртуальных интернет-компаний|115|159|726|2020 02 12|21 23 27 49 74 91
Освоение круглосуточных парадигм|147|701$||15 23 25 30 42 57 62 84
Освоение ориентированных на пользователя областей интереса|101|444|111|2024 07 28|57
Охват динамичных моделей|63|597$||1 2 4 20 26 30 66 94
Охват лучших в своём роде ниш|143|973$||37 99
Охват наглядных областей интереса|79|984|292|2022 05 14|1 26 66 94
Оцифровка безотказных ниш|88|652$||3 29 45 46 49 67 74
Оцифровка круглосуточных пользователей|53|733|112|2021 05 28|46 60
Оцифровка круглосуточных порталов|40|221|190|2023 11 19|13 30 38 50 92
Оцифровка революционных пользователей|154|338$||15 23 25 30 42 57 84
Переопределение безотказных пользователей|173|329|1512|2025 04 12|13 31 34 67 78 83 89 96
Переопределение действенных схем|117|651|1098|2020 07 09|8 9 25 32 35 36 61 83 89
Переопределение индивидуальных знаний|27|735$||1 2 4 7 20 26 30 66 87 94
Переопределение сенсационных моделей|169|510|1162|2021 05 20|21 27 36 53 61 81 88
Переосмысление безотказных веб-сервисов|141|897|258|2023 12 19|32 79
Переосмысление интерактивных результатов|184|471$||1 27 48 98
Переосмысление круглосуточных технологий|104|587|495|2023 08 14|34 60 67 84 85
Переосмысление прибыльных областей интереса|91|52$||30 38
Переосмысление революционных технологий|193|982$||12 19 33 41 73 81 86 87 92 98
Переосмысление современных областей интереса|28|677$||3 26 32 37 69 78 79 83
Перепрофилирование B2B каналов|87|154$||25 95
Перепрофилирование глобальных инфопосредников|138|725$||7 10 11
Перепрофилирование онлайн и офлайн функций|106|669$||87 92 98
Переход B2B инфопосредников|145|518|292|2023 02 10|42 70
Переход круглогодичных областей интереса|154|754|672|2020 01 20|1 27 48 98
Переход ориентированных на пользователя ниш|85|556$||42 70 96
Переход распространенных функций|73|224|130|2023 01 16|49 91
Переход расширяемых партнерств|27|303|290|2023 10 18|1 2 4 7 20 26 30 66 87 94
Преображение заказных действий|183|331|1330|2024 11 22|14 16 22 69 76 91 95
Приспособление богатых партнерств|160|485$||5 15 25 44 50 65 66 67 86
Приспособление расширяемых интернет-компаний|162|614|1700|2020 07 17|6 9 12 19 41 46 50 68 74 83
Продление заказных сетей|53|882|174|2021 06 28|9 44 70
Продление расширяемых веб-сервисов|170|865$||8 17 72 97
Продление революционных взаимодействий|44|432$||7 10 11 21 46 94
Производство действенных моделей|156|89|1057|2023 12 11|3 26 37 69 78 79 83
Развитие веб-ориентированных пользователей|39|53|152|2021 02 07|21 53 81 88
Развитие виртуальных метрик|129|478|1016|2020 07 23|2 10 37 39 48 54 75 99
Развитие интуитивных сообществ|144|468$||13 78 83 89 96
Развитие стандартных веб-сервисов|123|79|784|2021 07 08|3 26 37 69 78 79 83
Развитие стандартных отношений|72|169$||57 59 71 99
Разработка виртуальных интерфейсов|83|549|415|2021 04 09|25 26 55 84 95
Разработка онлайн и офлайн каналов|171|318|1602|2024 04 18|7 16 25 26 55 69 76 84 95
Разработка прозрачных сообществ|132|541$||25 84 95
Разработка соблазнительных парадигм|162|50$||14 16 22 28 69 76 81 91 95
Реализация лучших в своём роде веб-сервисов|78|960$||5 10 16 24 29 47 48 90
Реализация современных интернет-магазинов|199|634|2170|2021 02 11|3 4 9 18 27 30 38 63 89 92
Реализация эффективных интернет-услуг|95|776|588|2021 09 01|3 29 45 49 67 74
Синтез веб-ориентированных парадигм|66|296$||95
Сравнение заказных областей интереса|44|691|246|2021 08 29|57 59 65 71 75 99
Сравнение критически важных ниш|135|295$||13 30 38 50 92
Трансформация B2B ниш|191|992|1254|2020 04 02|16 30 47 69 75 77
Трансформация надежных технологий|106|279$||4 54 73
Трансформация фронт-энд интернет-продавцов|66|115|268|2021 01 10|36 46 60 61
Увеличение цельных приложений|82|756$||22 37 38 46 53 66 90 98
Управление динамичных аудиторий|72|778$||57 59 65 71 99
Управление стандартных решений|103|762$||33
Управление стратегических сообществ|61|498|456|2021 06 04|5 15 25 44 50 65 66 86
Ускорение притягательных интерфейсов|56|782$||3 8 29 39 45 46 49 54 67 74
Ускорение распределённых технологий|56|601|540|2023 12 07|3 6 26 32 37 69 78 79 83
Ускорение целостных интернет-услуг|103|188|660|2022 03 17|2 10 37 39 75 99
Ускорение цельных отношений|126|284|875|2023 10 19|21 27 36 53 61 81 88
Формирование заказных действий|184|241|732|2022 12 21|5 15 66 86
Шкалирование активных решений|170|627$||57 71 99
Эксплуатация открытых веб-сервисов|131|169$||21 73 80